wn(2023/7/26 23:00:43)	2023/7/26 23:00:43	
295.368628255308	224
297.381740248156	232
299.393321732974	193
301.406010162307	166
303.416290238969	186
305.426798561894	192
307.435778776782	209
309.444987300465	180
311.452668913924	189
313.460578898443	185
315.467839943683	196
317.473575872991	207
319.479540266269	200
321.483980738021	213
323.487774092973	238
325.4917960042	234
327.495170859971	238
329.497024178951	247
331.499106145935	252
333.499667766462	256
335.49958414751	236
337.498855601192	229
339.499229208957	238
341.497211180371	212
343.494549159823	215
345.491243458619	185
347.487294387865	212
349.482702258472	179
351.477467381144	215
353.472461483099	181
355.466812896646	196
357.459651076864	179
359.451847750248	169
361.443403226504	173
363.434317815139	173
365.425461560468	146
367.414225566592	152
369.403219347429	171
371.391573476689	152
373.379288262888	140
375.367232351837	131
377.353669097563	159
379.339467424716	145
381.324627641012	165
383.30828283206	164
385.292168027581	174
387.276282699031	130
389.258893545177	139
391.240001707622	152
393.221339987909	161
395.202042305729	140
397.18210896723	155
399.161540278357	166
401.140336544862	144
403.117633629818	134
405.095161000771	160
407.072054243044	133
409.048313661608	154
411.023939561233	142
412.998069188669	162
414.97242924051	151
416.945294181451	141
418.919251830408	129
420.890853023726	159
422.86268475106	156
424.833023686404	148
426.8027320851	148
428.773531948829	139
430.741979631157	146
432.709797684389	133
434.67784643419	161
436.644405860185	129
438.611196036443	150
440.577357241198	143
442.542030851975	126
444.506076643409	146
446.469494916386	144
448.433144072782	121
450.396165763683	137
452.357702736826	157
454.318613393396	128
456.278898033315	152
458.239413688296	139
460.198446920525	145
462.156855034864	155
464.114638330473	135
466.071797106322	139
468.029187027347	147
469.985097387073	142
471.940384122932	138
473.895047533133	133
475.849087915693	142
477.803359572048	142
479.756154520523	132
481.7083273344	150
483.659878310938	134
485.610807747207	140
487.561115940085	152
489.510803186262	143
491.459869782242	125
493.408316024339	146
495.356142208675	151
497.303348631189	154
499.249935587624	151
501.195052626526	161
503.141252284322	155
505.085982615139	183
507.029244725207	180
508.972739051058	175
510.914766285523	210
512.857874910202	248
514.799517032179	220
516.739693754815	253
518.680102814331	292
520.619895648357	293
522.559072550393	281
524.496786304491	260
526.433885250921	226
528.372063625371	206
530.307933296697	164
532.244035471993	178
534.178677306354	164
536.112705794361	167
538.04781248638	154
539.980614620412	141
541.912804282685	156
543.844381764271	135
545.777036471969	142
547.707389929723	124
549.637132079171	116
551.566263210651	145
553.495627102948	133
555.424380023349	129
557.351679307441	122
559.278368733341	110
561.205291011745	122
563.13076132288	128
565.055622643664	120
566.97987526297	125
568.904360825554	113
570.827396641835	127
572.749824622288	137
574.671645055054	114
576.59369852097	121
578.514304456612	136
580.434303708031	135
582.352857065755	111
584.272483307677	145
586.190664230191	114
588.108239617055	115
590.025209754958	109
591.94241310305	146
593.857335429735	127
595.772491539088	126
597.687880924095	122
599.60099173155	115
601.514336386055	128
603.427077793371	110
605.339216238744	130
607.250752007239	137
609.161685383748	142
611.071181119096	98
612.981746099444	124
614.890038999914	94
616.798565916699	128
618.706491863115	119
620.613817122974	121
622.51970802327	128
624.425833023193	105
626.331358186802	119
628.235450627437	146
630.139777229615	159
632.042672198293	136
633.945801369515	136
635.848332117885	124
637.749432864823	114
639.650767875406	93
641.551505309109	144
643.450814370744	121
645.349526940761	101
647.248473855132	107
649.145994023862	116
651.043748576978	111
652.940907240258	118
654.836640781863	127
656.731779515301	122
658.626323720471	112
660.521102409173	106
662.414458136916	130
664.307220175153	124
666.200216755768	113
668.091791992894	111
669.9827743777	132
671.873164188859	131
673.763788620108	101
675.65299386026	125
677.541607361853	125
679.430455541273	114
681.317060261083	126
683.203900214145	122
685.09097490229	138
686.976633618919	131
688.861702262342	137
690.745356521236	144
692.630070437132	147
694.513370521841	146
696.395257825216	152
698.278204067947	126
700.159738081647	152
702.039860914569	124
703.921041969817	120
705.799989867393	138
707.67917323843	110
709.558591587223	120
711.435779145773	121
713.313202231977	122
715.189217861542	132
717.066290042889	122
718.941134584446	125
720.815394249181	139
722.690709750843	109
724.563799971149	113
726.436306135296	112
728.309867422133	136
730.181205782357	104
732.05196090555	96
733.92377043781	135
735.793359394518	103
737.66236593179	120
739.531608243489	114
741.400268170293	106
743.267528572091	118
745.135024799905	116
747.001122555268	110
748.866639521688	124
750.732392365253	136
752.596748312926	128
754.460524284563	120
756.32453618402	121
758.18715276156	124
760.049190174454	125
761.911463565395	118
763.77234320581	134
765.632644491456	114
767.49318180493	129
769.352326936696	116
771.210894522061	122
773.069698184587	114
774.926298129745	112
776.783134689726	144
778.640207375747	117
780.495891009768	78
782.350998709491	123
784.205530742996	118
786.059487378199	105
787.912868882848	113
789.765675524524	116
791.617907570642	130
793.469565288457	135
795.320648945049	127
797.171158807339	127
799.020285312929	146
800.870458215863	129
802.718438967702	111
804.566656569366	137
806.414301708728	126
808.261374651716	127
810.107067338675	114
811.953805011462	122
813.798355134182	104
815.642334622489	121
817.487358391838	110
819.330196906109	124
821.173272405964	114
823.014971254277	116
824.85690711781	134
826.698273434871	107
828.538264640945	120
830.377687326671	116
832.21815241703	139
834.056438354779	120
835.894156562277	116
837.73211188723	104
839.568695174559	105
841.405515608127	111
843.240965026307	122
845.075848027658	142
846.910968218062	121
848.744718924238	129
850.577903999672	118
852.411326306552	115
854.243380657874	132
856.075672268671	116
857.906596941721	102
859.736957290981	124
861.566753577317	97
863.39598606143	102
865.22465500386	115
867.05356128872	107
868.881103682204	114
870.708083314777	119
872.53450044634	128
874.360355336628	133
876.185648245224	111
878.010379431547	100
879.834549154855	106
881.65815767425	99
883.48120524867	123
885.3036921369	92
887.125618597562	104
888.946187216574	107
890.767791269871	93
892.587240815707	103
894.407725331403	103
896.226056835554	124
898.044626397719	111
899.862637338114	124
901.680089914093	108
903.496188668603	132
905.312525531468	99
907.127509575039	93
908.943526733674	104
910.757396848445	118
912.570710627077	97
914.38426257597	110
916.19725821326	108
918.009697794883	123
919.820788056646	115
921.631323260604	110
923.44209669561	102
925.251522306233	124
927.061186171903	108
928.869503208905	105
930.677266462411	119
932.485268006631	105
934.291924213636	109
936.09881873491	120
937.904368912012	102
939.710157426762	123
941.514602589312	123
943.318495745876	139
945.122627274819	103
946.92541693742	108
948.727655353463	117
950.529342775746	92
952.33047945691	112
954.131854567462	89
955.931890282634	98
957.7313760138	110
959.530312012985	113
961.328698532059	72
963.126535822739	123
964.923824136591	112
966.720563725023	83
968.516754839291	99
970.313184482797	96
972.107492649598	99
973.902039847384	96
975.696039574501	88
977.489492081439	90
979.282397618535	110
981.073971122367	111
982.865783709602	94
984.657050076985	117
986.446985878447	98
988.237945150959	85
990.026790238813	105
991.815874461419	114
993.604413711184	81
995.392408237076	104
997.17907512489	102
998.965198263075	99
1000.75156058629	131
1002.53737917977	92
1004.32265429174	120
1006.10660419808	109
1007.89079332892	116
1009.67365822527	110
1011.45598110656	126
1013.2385432415	132
1015.01978259658	112
1016.80126122453	116
1018.58141804116	112
1020.36181414971	89
1022.14088941445	102
1023.92020399001	108
1025.69819868822	98
1027.47487446513	113
1029.25256894293	114
1031.02894499086	103
1032.80556039609	115
1034.58085833533	101
1036.35561770628	133
1038.12983875398	119
1039.90429919544	96
1041.67666685904	107
1043.44927440573	134
1045.22212137307	128
1046.99287770966	112
1048.76465024986	124
1050.5343335889	119
1052.3050326784	129
1054.07364399488	162
1055.84327060892	113
1057.61081087664	132
1059.37936598929	155
1061.14583618089	150
1062.91254634914	118
1064.67872185195	168
1066.44358898458	181
1068.20946983182	180
1069.97326931452	245
1071.73730881479	297
1073.50004184979	351
1075.26378769635	458
1077.02545501707	508
1078.78736238735	578
1080.54796519326	554
1082.30880806448	463
1084.0691189313	383
1085.82889803481	262
1087.58737447079	208
1089.34532009076	145
1091.10350581475	132
1092.86039029096	112
1094.61751488637	121
1096.37333917932	132
1098.12940360653	138
1099.88416867558	100
1101.63917389376	116
1103.39211164336	97
1105.14605884248	119
1106.89870856888	117
1108.65159847369	98
1110.40319184711	96
1112.15502541335	113
1113.90479572429	109
1115.65557413783	99
1117.40505789942	118
1119.1540149113	107
1120.90244541133	104
1122.65111614646	116
1124.39772782658	100
1126.14534626481	100
1127.8909070452	121
1129.63747413611	80
1131.38198496494	107
1133.12750165695	103
1134.87096348126	96
1136.61543072167	101
1138.35784448734	116
1140.1012632223	108
1141.8426298741	95
1143.58423730052	105
1145.32532153017	97
1147.06588279877	112
1148.80515828166	124
1150.54543739504	103
1152.28366859131	95
1154.02214059906	94
1155.75932867763	124
1157.49675757967	110
1159.23366516657	108
1160.97005167294	117
1162.70515610277	95
1164.44050137957	100
1166.17456550459	111
1167.90887048811	109
1169.64189524363	128
1171.37516086903	122
1173.10714718926	109
1174.83937439058	140
1176.57032320857	139
1178.30151291874	155
1180.03142516645	141
1181.76081959174	153
1183.48969642707	146
1185.21881417629	124
1186.94665630171	121
1188.67473935164	128
1190.40079010461	125
1192.12783961037	97
1193.85361532713	103
1195.57887507752	113
1197.30361909292	107
1199.02860406382	97
1200.75156084343	127
1202.47551504788	101
1204.19744242677	102
1205.9203667884	112
1207.64126568883	116
1209.36316113016	105
1211.0837873524	110
1212.80389991575	127
1214.52349905018	101
1216.24183078216	97
1217.96115795156	129
1219.67846442435	110
1221.39601236503	113
1223.11304802454	123
1224.82957163203	93
1226.54483056175	106
1228.26033097657	121
1229.97532002594	103
1231.68979793846	107
1233.40301298485	109
1235.116469533	108
1236.82941562921	119
1238.5411002155	97
1240.25302631565	115
1241.96369180877	118
1243.67459882364	123
1245.38424613342	108
1247.09413497271	110
1248.80276500793	113
1250.51163658026	107
1252.21925024858	120
1253.92710546148	111
1255.63370366951	94
1257.33979459834	137
1259.0461270827	131
1260.75120390902	119
1262.45652229797	141
1264.16058592568	118
1265.86414340379	125
1267.56719495776	142
1269.27048808818	89
1270.97178119456	124
1272.67406315929	128
1274.37509304718	126
1276.07561813641	128
1277.77563865164	124
1279.47515481743	124
1281.17416685818	109
1282.87267499816	144
1284.57067946151	129
1286.26818047225	125
1287.96517825424	130
1289.66241765073	110
1291.35766502681	134
1293.05315446449	143
1294.74739760968	91
1296.44262655933	116
1298.13586614553	100
1299.82934780383	107
1301.52158494241	133
1303.21480701529	131
1304.90678501367	115
1306.59751981962	129
1308.28849671006	124
1309.97823129159	122
1311.66820796234	111
1313.35768474629	108
1315.045920545	117
1316.73439843974	117
1318.42163623047	123
1320.10911612162	95
1321.79535678908	94
1323.48183956119	133
1325.16782399581	113
1326.85183073738	131
1328.53681959648	132
1330.22057142864	109
1331.90456537548	92
1333.58732317251	111
1335.26958439107	118
1336.95208772991	115
1338.63335623286	133
1340.31412881638	89
1341.99440569985	129
1343.67492471061	118
1345.35421063416	114
1347.03300151514	117
1348.71129757243	108
1350.38909902475	116
1352.06640609074	112
1353.74395529355	116
1355.41953793748	118
1357.09536315482	116
1358.77069485898	125
1360.44553326794	132
1362.11987859952	106
1363.79373107145	113
1365.46709090131	108
1367.13922373415	115
1368.81233350452	122
1370.48348257213	105
1372.15487422292	132
1373.82577431755	110
1375.49544957998	106
1377.16536742826	126
1378.83406130858	130
1380.50299777638	110
1382.17217640163	106
1383.83939950757	100
1385.50686520319	116
1387.17310908788	120
1388.83886379285	152
1390.5048610894	116
1392.16963786631	109
1393.8346572359	151
1395.49918785758	115
1397.1624992491	132
1398.82605323473	164
1400.48765857983	119
1402.15023700292	122
1403.8123277524	125
1405.47247178953	99
1407.13358826314	138
1408.79348850718	100
1410.45290236221	93
1412.11255881377	121
1413.77100031847	111
1415.42895607514	112
1417.08715442872	104
1418.74341119779	114
1420.40063869543	103
1422.05592588726	108
1423.71145610198	107
1425.36722891362	93
1427.02106333515	102
1428.67586741995	110
1430.32873439023	119
1431.98184438185	126
1433.63447096574	100
1435.28661435392	118
1436.93827475827	112
1438.58945239055	135
1440.23942230687	96
1441.88963524167	87
1443.5400907707	111
1445.18861490967	92
1446.83738206528	120
1448.48566771668	103
1450.13274818908	112
1451.78007167598	96
1453.42619082767	114
1455.0725529923	101
1456.71843470581	91
1458.36311334827	103
1460.00731238167	88
1461.65175442452	89
1463.29499465838	109
1464.93847789976	80
1466.5807601725	103
1468.22256388395	115
1469.8646105998	95
1471.50545760585	104
1473.14654761407	102
1474.78643875072	101
1476.42585237078	116
1478.06478868279	91
1479.70396799215	96
1481.34195010362	103
1482.97945553204	121
1484.61720395387	112
1486.25303717177	121
1487.88911379884	101
1489.52543341515	120
1491.15983970585	103
1492.79520782364	120
1494.42938208054	114
1496.06236331029	101
1497.69630573568	102
1499.32905554797	100
1500.96061357975	83
1502.59241500515	100
1504.22374244278	98
1505.85459609914	96
1507.48497618059	95
1509.11488289338	95
1510.74360031303	88
1512.37256111462	95
1514.00033345038	89
1515.62834916396	86
1517.25589253815	116
1518.88296377847	90
1520.50884820529	104
1522.13497600131	93
1523.76063227926	97
1525.38510298069	91
1527.00981704458	91
1528.63263250579	70
1530.25640538138	103
1531.87970776272	132
1533.50253985426	98
1535.12347581443	99
1536.74536835229	88
1538.36607860265	98
1539.98631979225	98
1541.60680432252	108
1543.22681978691	107
1544.8449428177	103
1546.46402117307	111
1548.08191969895	98
1549.69935038408	111
1551.31631343136	92
1552.93351980077	112
1554.54883742338	90
1556.16439877333	102
1557.78020343703	114
1559.39412119321	152
1561.00828266766	144
1562.62268744724	82
1564.23520715594	104
1565.84797057358	97
1567.46026837589	106
1569.07280947146	91
1570.68346794086	98
1572.29437010639	108
1573.90480746233	119
1575.51407232039	109
1577.12358086466	123
1578.73262520235	122
1580.34049825699	147
1581.9486149877	150
1583.55626811378	153
1585.16345783569	184
1586.76947789153	234
1588.37574160953	302
1589.98083646866	313
1591.58546913085	370
1593.19034544447	336
1594.79475955394	287
1596.39800641645	190
1598.00079187996	163
1599.60382098023	134
1601.20638867405	119
1602.80708629854	97
1604.40873218226	97
1606.00921323068	108
1607.60923407345	104
1609.20949853016	111
1610.80859935467	103
1612.40794378529	95
1614.00542237028	108
1615.60314495752	99
1617.20111113893	113
1618.79721328032	103
1620.39426161845	109
1621.99014912434	108
1623.58487660034	95
1625.17984805311	85
1626.77506307547	100
1628.36911886104	92
1629.96201621069	100
1631.5551575196	97
1633.14784178473	86
1634.73936880715	97
1636.33183997014	108
1637.92315428337	96
1639.51401233874	94
1641.10371473978	92
1642.69366106842	98
1644.28315172736	104
1645.87218691247	99
1647.45936923698	87
1649.0474944619	82
1650.63516479973	92
1652.22168225472	92
1653.80844360439	81
1655.39475065277	76
1656.9799060032	82
1658.56460784161	94
1660.1495535553	84
1661.73334875396	75
1663.31738781804	78
1664.90027715478	94
1666.48271395154	84
1668.06539459877	85
1669.64692669861	93
1671.22800684035	85
1672.8086352177	70
1674.3895074252	99
1675.96923265581	85
1677.54850670256	92
1679.12732975874	103
1680.70570201748	82
1682.28431808042	86
1683.86109491474	107
1685.43811593902	92
1687.01468693739	83
1688.59080810246	94
1690.16647962671	100
1691.74170170254	86
1693.31647452221	102
1694.89079827791	75
1696.46398053376	93
1698.03740693498	104
1699.61038484797	79
1701.18291446446	94
1702.75430413732	93
1704.32593793266	106
1705.89712400593	94
1707.46717130067	98
1709.03746270044	105
1710.60730695162	80
1712.17670424517	97
1713.74496431098	79
1715.3127781937	69
1716.88083615192	99
1718.44844791511	75
1720.01492399811	73
1721.5809546591	95
1723.14722937149	79
1724.71236956227	100
1726.27775379227	98
1727.84131557626	88
1729.40581027882	60
1730.96917200177	82
1732.53277773929	75
1734.09525126714	64
1735.65728107892	72
1737.21886736363	65
1738.78001031014	67
1740.34139723985	97
1741.90096694354	48
1743.46078100764	60
1745.02083903583	69
1746.579767926	69
1748.13825460907	81
1749.69561330935	87
1751.25321633701	66
1752.81106329642	81
1754.3677830313	70
1755.92337631241	62
1757.47921389402	70
1759.03461058312	75
1760.58956656708	73
1762.14408203318	74
1763.69747295232	62
1765.25110813788	88
1766.8036195378	88
1768.35637519032	80
1769.90800781776	77
1771.4598846839	73
1773.01132233991	68
1774.56163811037	71
1776.11219809849	55
1777.66163695974	76
1779.21063774185	85
1780.75988272039	74
1782.30868960556	74
1783.85637687897	62
1785.40362681583	68
1786.95043960147	72
1788.49749654769	60
1790.04343539413	65
1791.58893764485	60
1793.13400348475	82
1794.67931345614	69
1796.22350683674	51
1797.76726436077	66
1799.31126599422	52
1800.85347257703	95
1802.39592363796	67
1803.93793957972	64
1805.47952058641	85
1807.0213456653	79
1808.56137853042	47
1810.1016558354	86
1811.64149894063	69
1813.18090802969	63
1814.71920541888	80
1816.2577472169	47
1817.79585554877	70
1819.33353059765	74
1820.8707725466	75
1822.40758157856	68
1823.94328115389	69
1825.47854855878	70
1827.01406031736	65
1828.54913988959	75
1830.0837874579	60
1831.61732743371	71
1833.15043615031	76
1834.68378918054	68
1836.21671093543	59
1837.74852658577	82
1839.28058652545	77
1840.81086647165	66
1842.3420655123	65
1843.87215993328	69
1845.40249861088	70
1846.93173341022	97
1848.46121244971	76
1849.98891485607	64
1851.51753517071	74
1853.04505308761	69
1854.5721422829	64
1856.09880293703	74
1857.62503523039	61
1859.15083934322	77
1860.67621545569	76
1862.20116374787	56
1863.72568439971	62
1865.25044919945	60
1866.77344350171	40
1868.29668231129	66
1869.81949419936	52
1871.34187934538	60
1872.86383792871	58
1874.3853701286	47
1875.90580583199	66
1877.42648599009	60
1878.94607038489	59
1880.46589921669	63
1881.98530255967	71
1883.50428059248	67
1885.02283349367	72
1886.53962348161	56
1888.05732702917	66
1889.57460598001	53
1891.09079209339	46
1892.60722257211	77
1894.12322898819	68
1895.63814366109	64
1897.15263500029	66
1898.66670318321	65
1900.18101568598	60
1901.69423790183	53
1903.20770441919	73
1904.72008137679	63
1906.23203606389	53
1907.74356865733	58
1909.25467933382	63
1910.76536827001	69
1912.27563564243	60
1913.78614725151	56
1915.2955718399	57
1916.80391014086	53
1918.31249302153	71
1919.82065521961	63
1921.32839691105	61
1922.83571827168	63
1924.34328380313	60
1925.84976484417	53
1927.35516212574	70
1928.86014014886	65
1930.36536267463	72
1931.87016592252	65
1933.37455006771	68
1934.87851528524	58
1936.38206175009	64
1937.88452697454	70
1939.38657416475	76
1940.8888657891	56
1942.39073935949	56
1943.89153312497	56
1945.39257129493	64
1946.89319193401	67
1948.39273384304	56
1949.89185893719	56
1951.39056739023	66
1952.88952019792	49
1954.38739570603	67
1955.88551554873	67
1957.38255880612	66
1958.87918628992	50
1960.37605807805	75
1961.87185435091	56
1963.36657583113	58
1964.86220130678	71
1966.35675233548	63
1967.85088862834	53
1969.34461035796	54
1970.83791769685	71
1972.33081081743	73
1973.82394815053	76
1975.31535509287	49
1976.80700659208	63
1978.29824456169	53
1979.78906917365	50
1981.27948059981	53
1982.76882184734	66
1984.2584075991	62
1985.74758067994	65
1987.23634126132	67
1988.72468951461	39
1990.21196935605	54
1991.69883757516	66
1993.18595023469	71
1994.67265125051	62
1996.15828526464	55
1997.64416368702	72
1999.12963097801	52
2000.61403232323	46
2002.09867804437	57
2003.58160389987	58
2005.06542891356	51
2006.54818938672	67
2008.03119419243	40
2009.5131351593	62
2010.99532043692	59
2012.47644257672	60
2013.95715564769	67
2015.43745981929	51
2016.91800825779	67
2018.39749495833	55
2019.87657326734	35
2021.35459089754	53
2022.83285311067	66
2024.3113595355	49
2025.78880596821	62
2027.26584485383	69
2028.74247636096	53
2030.21870065811	59
2031.69451791372	54
2033.1699282961	58
2034.64493197349	46
2036.11887845472	57
2037.59241892566	56
2039.06620385501	62
2040.53958275124	60
2042.01255578212	30
2043.4844733516	39
2044.95663533365	71
2046.42839195304	39
2047.89909414992	61
2049.37004072481	66
2050.8405824389	57
2052.31007076786	65
2053.77980344012	83
2055.24783508326	43
2056.71675955949	60
2058.18463203123	57
2059.6527487997	62
2061.11981425307	52
2062.58647653579	59
2064.05338308015	50
2065.51923934219	57
2066.9846929319	66
2068.44974401517	78
2069.91503931303	46
2071.37928570325	64
2072.84313008426	57
2074.3065726216	64
2075.76961348071	63
2077.23160715863	50
2078.69384533442	53
2080.15568232768	64
2081.61711830352	43
2083.07815342691	59
2084.53878786276	71
2085.99902177588	70
2087.45885533098	54
2088.9182886927	68
2090.37732202557	52
2091.83531159397	67
2093.29354553884	71
2094.75137994787	54
2096.20817161415	30
2097.66520762015	59
2099.1218445825	49
2100.57743982238	66
2102.03327936507	62
2103.4880778646	50
2104.94312064225	60
2106.39648091602	58
2107.85072775825	39
2109.30393491388	59
2110.75738629805	55
2112.20979867299	57
2113.66181398975	58
2115.11407349766	63
2116.56529501114	64
2118.01611995463	59
2119.46654849067	84
2120.91722116779	48
2122.36685720124	61
2123.81609731437	48
2125.26494166935	55
2126.71339042827	70
2128.16144375313	52
2129.60910180584	46
2131.05636474823	44
2132.50323274203	63
2133.94970594888	41
2135.39578453035	62
2136.8414686479	53
2138.28612017104	56
2139.73101601887	59
2141.17487994269	63
2142.61962593534	56
2144.06206513372	59
2145.50538637503	74
2146.94831428004	60
2148.39021193429	46
2149.83235382246	68
2151.27346612805	46
2152.71482264147	70
2154.15578662141	46
2155.59572201991	56
2157.03526555182	71
2158.4750532392	68
2159.91381334471	57
2161.3528175794	55
2162.79079489786	50
2164.22838114873	46
2165.66557649151	54
2167.10301591072	58
2168.53942974295	44
2169.97545314516	48
2171.41108627653	51
2172.84632929612	54
2174.28118236293	69
2175.71564563586	49
2177.14971927372	56
2178.58340343525	50
2180.01669827909	64
2181.44960396379	43
2182.88212064783	54
2184.31424848959	45
2185.74598764738	48
2187.1773382794	58
2188.60766829977	61
2190.03824252607	44
2191.46842870067	58
2192.89822698143	62
2194.32700596766	58
2195.75602910525	65
2197.18403360588	45
2198.61228223047	54
2200.04014374916	37
2201.46698761614	63
2202.89407556588	57
2204.32014651994	50
2205.74583133836	50
2207.17176019821	63
2208.59667304516	52
2210.02120022671	49
2211.44597140821	50
2212.86972755823	72
2214.29309851232	66
2215.71608442679	48
2217.1393142857	50
2218.56153041945	67
2219.98336198204	57
2221.40480912945	53
2222.82587201753	52
2224.2465508021	62
2225.66684563886	70
2227.08675668343	41
2228.50628409136	49
2229.9254280181	52
2231.34418861903	65
2232.76193908835	50
2234.17993367273	50
2235.59754539684	61
2237.01477441573	51
2238.43099459994	60
2239.84745884218	53
2241.26354084373	72
2242.67861498167	74
2244.0939331347	50
2245.50886951084	55
2246.92342426454	64
2248.33697244731	45
2249.75013965331	58
2251.16355080254	45
2252.57658094618	52
2253.98798137966	55
2255.40025031068	58
2256.81213869784	63
2258.22239884522	31
2259.63352694207	45
2261.04427495603	62
2262.45339619863	44
2263.86338484309	67
2265.27174769389	58
2266.68097758181	47
2268.0885826529	56
2269.49705439658	39
2270.90514713002	54
2272.31161651046	61
2273.71770785576	53
2275.12590897182	62
2276.53124403552	66
2277.93620152128	46
2279.34202440534	48
2280.74622685778	58
2282.15129434495	70
2283.55474237254	44
2284.95781358239	62
2286.36174928207	52
2287.76406697843	52
2289.16600831216	55
2290.56881359129	35
2291.97000232142	46
2293.37081514328	41
2294.77125220813	60
2296.17255249329	49
2297.57223816536	60
2298.97154853382	55
2300.3704837496	55
2301.76904396355	65
2303.16846649265	42
2304.56627682361	44
2305.96371260494	57
2307.36077398714	63
2308.75746112066	40
2310.15377415586	43
2311.54971324302	48
2312.94527853235	47
2314.34047017396	52
2315.7352883179	55
2317.12973311412	38
2318.5238047125	31
2319.91750326285	52
2321.31082891489	35
2322.70378181824	65
2324.09636212248	63
2325.48980185452	38
2326.88163707947	50
2328.27310015363	47
2329.66296033661	41
2331.05367988584	57
2332.44402773162	52
2333.83400402297	82
2335.22360890879	68
2336.61161329172	112
2338.00047614129	88
2339.38896803149	66
2340.77708911093	56
2342.16361159423	47
2343.55099182544	58
2344.93800169109	54
2346.32341438835	56
2347.70968429508	41
2349.09558428073	62
2350.47988852384	41
2351.86504943844	50
2353.24984087573	42
2354.63303799447	57
2356.01709124717	48
2357.39955112943	48
2358.78286678762	39
2360.16459002266	59
2361.54839203355	52
2362.92815585227	49
2364.31122079539	52
2365.69147217582	50
2367.07257825917	41
2368.45209475665	53
2369.83124419525	52
2371.21124780114	51
2372.58966323656	60
2373.96771205244	45
2375.34661450041	49
2376.72393019147	68
2378.10087970161	48
2379.47868230914	35
2380.85489957142	57
2382.23075109072	46
2383.60623701283	40
2384.98257532016	48
2386.35733016142	62
2387.7317198425	47
2389.10574450886	59
2390.4794043059	40
2391.85513181903	40
2393.22806166758	41
2394.60062708278	46
2395.97282820972	46
2397.34466519341	54
2398.71613817877	55
2400.08724731066	48
2401.45799273385	65
2402.82837459305	46
2404.19839303288	37
2405.56804819789	65
2406.93734023254	46
2408.30626928123	64
2409.67483548828	43
2411.04303899792	66
2412.41087995433	51
2413.77835850159	55
2415.1454747837	44
2416.51101851652	42
2417.87862112817	53
2419.24465147817	48
2420.61032013831	40
2421.97562725223	58
2423.33936413688	52
2424.70394890885	40
2426.06817256489	51
2427.43203524834	70
2428.7943295545	57
2430.15747104185	45
2431.52025198601	57
2432.88146593961	34
2434.2435265454	33
2435.60522703672	39
2436.9653619224	50
2438.32634293173	62
2439.6881692514	38
2441.04722603364	45
2442.40712841128	42
2443.76546748773	60
2445.12465180783	46
2446.48227374686	58
2447.840740578	42
2449.19764594737	50
2450.55539585752	58
2451.91158522442	44
2453.26861878094	40
2454.62409271194	63
2455.97920929563	56
2457.33516954269	39
2458.68957153909	61
2460.04481684823	51
2461.39970474216	47
2462.75303575891	67
2464.10601027539	52
2465.45982740393	50
2466.81208902657	52
2468.16399457137	52
2469.51554417895	39
2470.86793569892	51
2472.21877353843	60
2473.56925586227	42
2474.91938281079	56
2476.26915452424	66
2477.61857114279	58
2478.96882862578	64
2480.31873066477	37
2481.66708221027	34
2483.01507922112	50
2484.36272183713	56
2485.71001019805	44
2487.05694444353	66
2488.40352471317	52
2489.74975114648	35
2491.09562388293	78
2492.44114306187	50
2493.78630882261	46
2495.13112130437	62
2496.47558064631	61
2497.82087841457	65
2499.16344046697	88
